evil
000000006
700000500
350260010
810500000
060030070
000006048
030057081
008000007
200000000

000000900
793400000
010003007
039210000
060000080
000085310
100800070
000007194
004000000

hard
005009680
600000300
020060000
004230507
000106000
903045200
000080050
009000003
046500100

000590008
200067400
050000097
580000000
000302000
000000051
690000080
004780003
800024000

medium
001060700
000702090
004309100
350000609
400000005
102000038
006901500
010605000
003070900

080690100
010004000
060517009
001000706
008000400
603000900
100439080
000700090
009081040

easy
207098500
050073901
003000000
004156380
009000600
065932400
000000100
501360090
002840705

003020600
900305001
001806400
008102900
700000008
006708200
002609500
800203009
005010300
